0
0
0
true
1
1
1
false
2
2
2
false
3
3
3
false
4
4
4
false
5
5
5
false
6
6
6
false
7
7
7
false
8
8
8
false
9
9
9
false
10
10
10
false
11
11
11
false
12
12
12
false
13
13
13
false
14
14
14
false
15
15
15
false
16
16
16
false
17
17
17
false
18
18
18
false
19
19
19
false
20
20
20
false
21
21
21
false
22
22
22
false
23
23
23
false
24
24
24
false
25
25
25
false
26
26
26
false
27
27
27
false
28
28
28
false
29
29
29
false
30
30
30
false
31
31
31
false
32
32
32
false
33
33
33
false
34
34
34
false
35
35
35
false
36
36
36
false
37
37
37
false
38
38
38
false
39
39
39
false
40
40
40
false
41
41
41
false
42
42
42
false
43
43
43
false
44
44
44
false
45
45
45
false
46
46
46
false
47
47
47
false
48
48
48
false
49
49
49
false
50
50
50
false
51
51
51
false
52
52
52
false
53
53
53
false
54
54
54
false
55
55
55
false
56
56
56
false
57
57
57
false
58
58
58
false
59
59
59
false
60
60
60
false
61
61
61
false
62
62
62
false
63
63
63
false
64
64
64
false
65
65
65
false
66
66
66
false
67
67
67
false
68
68
68
false
69
69
69
false
70
70
70
false
71
71
71
false
72
72
72
false
73
73
73
false
74
74
74
false
75
75
75
false
76
76
76
false
77
77
77
false
78
78
78
false
79
79
79
false
80
80
80
false
81
81
81
false
82
82
82
false
83
83
83
false
84
84
84
false
85
85
85
false
86
86
86
false
87
87
87
false
88
88
88
false
89
89
89
false
90
90
90
false
91
91
91
false
92
92
92
false
93
93
93
false
94
94
94
false
95
95
95
false
96
96
96
false
97
97
97
false
98
98
98
false
99
99
99
false
100
100
100
false
101
101
101
false
102
102
102
false
103
103
103
false
104
104
104
false
105
105
105
false
106
106
106
false
107
107
107
false
108
108
108
false
109
109
109
false
110
110
110
false
111
111
111
false
112
112
112
false
113
113
113
false
114
114
114
false
115
115
115
false
116
116
116
false
117
117
117
false
118
118
118
false
119
119
119
false
120
120
120
false
121
121
121
false
122
122
122
false
123
123
123
false
124
124
124
false
125
125
125
false
126
126
126
false
127
127
127
false
128
128
128
false
129
129
129
false
130
130
130
false
131
131
131
false
132
132
132
false
133
133
133
false
134
134
134
false
135
135
135
false
136
136
136
false
137
137
137
false
138
138
138
false
139
139
139
false
140
140
140
false
141
141
141
false
142
142
142
false
143
143
143
false
144
144
144
false
145
145
145
false
146
146
146
false
147
147
147
false
148
148
148
false
149
149
149
false
150
150
150
false
151
151
151
false
152
152
152
false
153
153
153
false
154
154
154
false
155
155
155
false
156
156
156
false
157
157
157
false
158
158
158
false
159
159
159
false
160
160
160
false
161
161
161
false
162
162
162
false
163
163
163
false
164
164
164
false
165
165
165
false
166
166
166
false
167
167
167
false
168
168
168
false
169
169
169
false
170
170
170
false
171
171
171
false
172
172
172
false
173
173
173
false
174
174
174
false
175
175
175
false
176
176
176
false
177
177
177
false
178
178
178
false
179
179
179
false
180
180
180
false
181
181
181
false
182
182
182
false
183
183
183
false
184
184
184
false
185
185
185
false
186
186
186
false
187
187
187
false
188
188
188
false
189
189
189
false
190
190
190
false
191
191
191
false
192
192
192
false
193
193
193
false
194
194
194
false
195
195
195
false
196
196
196
false
197
197
197
false
198
198
198
false
199
199
199
false
200
200
200
false
201
201
201
false
202
202
202
false
203
203
203
false
204
204
204
false
205
205
205
false
206
206
206
false
207
207
207
false
208
208
208
false
209
209
209
false
210
210
210
false
211
211
211
false
212
212
212
false
213
213
213
false
214
214
214
false
215
215
215
false
216
216
216
false
217
217
217
false
218
218
218
false
219
219
219
false
220
220
220
false
221
221
221
false
222
222
222
false
223
223
223
false
224
224
224
false
225
225
225
false
226
226
226
false
227
227
227
false
228
228
228
false
229
229
229
false
230
230
230
false
231
231
231
false
232
232
232
false
233
233
233
false
234
234
234
false
235
235
235
false
236
236
236
false
237
237
237
false
238
238
238
false
239
239
239
false
240
240
240
false
241
241
241
false
242
242
242
false
243
243
243
false
244
244
244
false
245
245
245
false
246
246
246
false
247
247
247
false
248
248
248
false
249
249
249
false
250
250
250
false
251
251
251
false
252
252
252
false
253
253
253
false
254
254
254
false
255
255
255
false
256
256
256
false
257
257
257
false
258
258
258
false
259
259
259
false
260
260
260
false
261
261
261
false
262
262
262
false
263
263
263
false
264
264
264
false
265
265
265
false
266
266
266
false
267
267
267
false
268
268
268
false
269
269
269
false
270
270
270
false
271
271
271
false
272
272
272
false
273
273
273
false
274
274
274
false
275
275
275
false
276
276
276
false
277
277
277
false
278
278
278
false
279
279
279
false
280
280
280
false
281
281
281
false
282
282
282
false
283
283
283
false
284
284
284
false
285
285
285
false
286
286
286
false
287
287
287
false
288
288
288
false
289
289
289
false
290
290
290
false
291
291
291
false
292
292
292
false
293
293
293
false
294
294
294
false
295
295
295
false
296
296
296
false
297
297
297
false
298
298
298
false
299
299
299
false
300
300
300
false
301
301
301
false
302
302
302
false
303
303
303
false
304
304
304
false
305
305
305
false
306
306
306
false
307
307
307
false
308
308
308
false
309
309
309
false
310
310
310
false
311
311
311
false
312
312
312
false
313
313
313
false
314
314
314
false
315
315
315
false
316
316
316
false
317
317
317
false
318
318
318
false
319
319
319
false
320
320
320
false
321
321
321
false
322
322
322
false
323
323
323
false
324
324
324
false
325
325
325
false
326
326
326
false
327
327
327
false
328
328
328
false
329
329
329
false
330
330
330
false
331
331
331
false
332
332
332
false
333
333
333
false
334
334
334
false
335
335
335
37595375
